[((475, 33615), (2.0, 2.0922148748275555)), 
((292, 2762), (4.5, 4.408067042431661)), 
((486, 2012), (3.5, 3.7067206113922415))]

ALS Output for User 10:

[((10, 1240), (4.0, 3.9671210735230344)), 
((10, 344), (3.0, 2.3750235180601673)), 
((10, 1200), (4.0, 3.643873289594225)), 
((10, 1036), (3.0, 3.514663519485875)), 
((10, 1220), (3.0, 3.2094835182534425)), 
((10, 2840), (3.0, 3.206246901790376)), 
((10, 2344), (5.0, 5.000901108262481)), 
((10, 2108), (3.0, 3.876549424707314)), 
((10, 592), (3.0, 2.9926124815565287)), 
((10, 152), (4.0, 4.089216076486277)), 
((10, 1704), (4.0, 4.549244685965739)), 
((10, 1196), (4.0, 3.951465432874267)), 
((10, 3019), (4.0, 3.7277459006223763)), 
((10, 2907), (2.0, 1.9196877587118912)), 
((10, 2995), (2.0, 2.767498643736741)), 								  ((10, 735), (4.0, 4.109481305810785)), ((10, 1719), (5.0, 4.745900197939487)), ((10, 1887), (2.0, 2.1271559506120603)), ((10, 1459), (3.0, 3.19049442716391)), ((10, 2539), (4.0, 3.6363049632420625)), ((10, 2827), (3.0, 3.0180927491268696)), ((10, 1423), (4.0, 4.072168178828045)), ((10, 1499), (3.0, 2.5181412869922313)), ((10, 1127), (4.0, 3.7294676061711556)), ((10, 2571), (5.0, 4.469741458497442)), ((10, 1291), (4.0, 3.6956305580105258)), ((10, 1611), (5.0, 4.967986987059261)), ((10, 1923), (5.0, 3.9903221854759714)), ((10, 2826), (5.0, 4.361590938142922)), ((10, 2406), (4.0, 3.7911099002473914)), ((10, 318), (4.0, 4.9651457161643044)), ((10, 2410), (2.0, 2.3384040513538693)), ((10, 2890), (4.0, 4.009279706906183)), ((10, 50), (5.0, 4.5372987219053575)), ((10, 2926), (5.0, 4.508378058144641)), ((10, 1210), (4.0, 4.02387488360599)), ((10, 1358), (5.0, 4.504452654358189)), ((10, 1690), (3.0, 2.6113100801255644)), ((10, 1198), (4.0, 4.050411968969672)), ((10, 1089), (3.0, 4.216019180048114)), ((10, 1101), (2.0, 2.785778012582826)), ((10, 2881), (3.0, 2.9516780066883745)), ((10, 345), (4.0, 4.277409083512478)), ((10, 1197), (4.0, 3.9263125734009496)), ((10, 2841), (4.0, 3.9738574692321267)), ((10, 3005), (3.0, 2.8066531812512876))]


Mean Squared Error = 0.27425767955
